0017015905
0013095907
0010077303
0022056207
0002026109
0030115805
0013096408
0004126705
0012126605
0019086503
0007036603
0029035905
0009066207
0017115601
0014126408
0028046207
0013045707
0027126106
0030105707
0001125808
0031126435
0002056006
0023116207
0025116111
0029066203
0002055906
0017025701
0029056705
0026116002
0029116206
0027116506
0023107903
0024066303
0015096603
0003046709
0005045705
0012066907
0019015907
0015115806
0014056306
0011096204
0006086303
0005096514
0005066607
0020126510
0028116104
0031125833
0025056609
0017056104
0011086006
0024046008
0001015924
0011086310
0031126273
0031086605
0023106306
0006116306
0007125914
0015096203
0001035908
0019076802
0010086308
0009086210
0022116505
0012096006
0001016623
0017047203
0005126008
0021066606
0031086302
0031126155
0005086905
0024045914
0002046002
0010086307
0005056210
0007056704
0005056014
0012066009
0012076203
0031076205
0004096311
0011125902
0025016511
0009106902
0014066703
0009095811
0018066203
0009087502
0012096216
0015086503
0001016028
0030126010
0023086503
0012045808
0001066407
0010105921
0012035908
0010086209
0005105911
0003076904
0006066213
0006066104
0007056705
0020106707
0016095904
0009099001
0005086608
0023126605
0020067205
0015036210
0007036403
0009046310
0006036309
0020087906
0016026005
0007056106
0030086901
0011026403
0010076307
0020126209
0009056905
0015076207
0004029307
0030046407
0001126412
0008096203
0031125896
0005126009
0011126607
0020106309
0028126609
0011116805
0014085907
0006066011
0025066811
0003026905
0030076705
0030057106
0001015927
0026056307
0018127002
0005056116
0013126611
0031126712
0026056303
0010126809
0001026305
0031056504
0015106205
0009095918
0012037502
0005076312
0030127203
0014096803
0018036303
0025046707
0010066609
0017098101
0013036703
0016046503
0023037404
0013096205
0025126209
0021107107
0025016201
0031125635
0018107203
0003036508
0013036104
0002056306
0007087006
0019066408
0016016806
0030066604
0014095807
0010096310
0007036709
0016076406
0031126548
0018066208
0031126636
0007076206
0017026203
0008096002
0001105904
0006126308
0017085921
0022096001
0013036610
0028096004
0031126549
0018046107
0010117506
3420026201
0012018607
0001106904
0031126453
0015025807
0023088203
0004076008
0028087902
0022116104
0024117103
0001077106
0008066409
0010127209
0028097009
3404047201
0030106011
0011076010
0030057105
0007076707
0010036707
0002117108
0020107102
0008016804
0028097403
0013027604
0018126506
0024067505
0005046609
0012095907
0014057107
0012056104
0014126407
0012037203
0031126528
0023056604
0022087702
0010056507
0026117105
0026057307
0010037805
0010036506
0028026106
0017016403
0014128302
0019097107
0001096403
0024027301
0031126078
0011086603
0030036207
0011116007
0010116009
0014046410
0011057505
0030036806
0030126906
0010117605
0021086005
0006016503
0016126903
0024046104
0017116005
0009126703
0019096011
0019106904
0018056105
0026056803
0020096209
0029016701
0030016502
0009086305
0024066103
0018048703
0005066013
0019056507
0017075906
0010026807
0027046806
0018066608
0001045914
0031126485
0015106104
0013016704
0014077204
0022046906
0020037504
0031126713
0006107105
0031126833
0009097902
0001056605
0019056506
0013116306
0012056206
0909128701
0002026804
0012096903
0017086607
0014117006
0006107407
0030066405
0025126205
0027076909
0009097308
0002077109
0015077303
0010086207
0013057102
0003067402
0010096309
0031126156
0005056507
0010077106
0031126526
0007027006
0026076603
0009127106
0003047002
0016066705
0012036903
0015056707
0001017406
0017076711
0016036508
0011086608
0028086506
0025086706
0004066008
0004016502
0014046107
0003126605
0001046412
0031126529
0010036404
0002106206
0009116509
0005096311
0031125876
0006027101
0020019001
0021066008
0005106711
0027066205
0019128805
0015095809
0014087906
0018126406
0002066014
0923128103
0013096601
0026027406
0027036901
0003027002
0021016206
0012096602
0008127006
0017097004
0016017302
3420027101
0017126004
0012077211
0015097506
0007077103
0007056016
0009107107
0018086904
0006118002
3431127201
0027066901
0001037304
0014107204
0017066811
0015076302
0009077108
0001058012
0021046004
0008116311
0014116503
0019117403
0006037904
0014076505
0020087802
0021127205
0014017002
0020046807
0014047404
0007106806
0031127511
0026057707
0030117901
0019085909
0014107608
0015017208
0016126604
0025107302
0020037605
0004017303
0006097703
0020107604
0002036007
0010057004
0017077406
0020017704
0013097802
0028076410
0012017904
0021047305
0028016906
0023038103
0009048005
0008037705
0030117006
0014107201
0017117906
0001127105
0013017402
0030077306
0021067503
0030078102
0002107005
0009098405
0026076906
0025097008
0021068104
0002117003
0005076707
0006087107
0001078403
0031107402
0018098002
0002077409
0020066207
0017097205
0016105911
0026086405
0021026903
0002046206
0001076205
0027086704
0020026904
0027116802
0014116203
0019086404
0005106215
0006106407
0025116406
0030127102
0005057006
0013048204
0008117406
0012127406
0017107905
0003036206
0001097203
0026057105
0013017004
0027067201
0007036904
0025026504
0006028302
0010016905
0011126506
0031016704
0012056805
0005048006
0017097302
0003116804
0024127002
0011126407
0026058103
0017026105
0005127802
0015017205
0016078901
0010066703
0001016422
0029057205
0015076707
0002048502
0021045909
0003037103
0031126714
0018047503
0021018107
0003118004
0002048102
0021036904
0001057607
0013047403
0011036613
0019117802
0913097303
0010096709
0002036803
0016016405
0009047305
0024087503
0005057608
0019106705
0015047703
0014077802
0005096509
0031126357
0014107804
0007066408
0002047504
0021116901
0001016814
0005116513
0030016804
0005106309
0010106018
0001036705
0021076405
0021116207
0029107204
0002027404
0027027204
3420076401
0010076005
0026097503
0009107604
0031128101
0029125914
0025127507
0009096208
0031126130
0007066706
0015016211
0008106016
0011116408
0019086207
0015058001
0003027509
0023028402
0020017402
0031016305
0006107207
0010117310
0014057105
0010027904
0016017503
0016117305
0025125902
0018087405
0006097702
0006097004
0021127306
0004118004
0007027306
0030127103
0005117009
0031058407
0005037507
0010127404
0019096107
0021107103
0011127606
0002086404
0005125906
0005117702
0025027201
0016036804
0030017709
0017056808
0023076008
0020077804
0006097609
0026028003
0006127806
0024038004
0016015905
0017127604
0022086904
0018087608
0002107204
0006127006
0916128501
0009118203
0025097510
0017055908
0027017903
0030088202
0005078302
0014027107
0018048002
0007098202
0002057911
0031127024
0004117802
0002078104
0019097108
0004056702
0904068601
0014096804
0025037403
0025018103
0006037703
0913039001
0025017604
0017086905
0020079102
0013039204
00070396502
0004018101
0010017907
0027127210
0017028601
0011057408
0031077004
0004096806
0030016902
0021097705
0024058401
0011027002
0020027206
0019117704
0009088905
0010068404
0012037206
0028108401
0020017607
0005017011
0022027004
0005128108
0005097008
0401088905
0006108002
0020128301
0017118103
0013087409
0024066903
0016067309
0006087306
0002118108
0014025905
0002078401
0025058707
0013037409
0014128106
0002027405
0020067004
0011127607
0027107204
0012087005
0026057202
0021117604
0012098103
0029038102
0027076806
0004076206
0028116205
0024107303
0013066705
0019026703
0028107402
0017108002
0015107002
0024017405
0021047109
0009036703
0008086705
0017038601
0016027303
0027077907
0004086010
0031125832
0001017206
0024056306
0004017602
0015049602
0017078203
0019088403
0002096605
0024016906
0022067402
0031127708
0024106407
0002066709
0015125811
0019038005
0011077609
0001088402
0008108003
0022087001
0021036705
0024117706
0015107307
0024115807
0023076805
0001097204
0024036905
0005047805
0030058104
0007027307
0018057505
0019106709
0011087805
0028097207
0028036308
0005106512
0014106206
0016096604
0001025913
0024027603
0012018002
0003068303
0020096110
0022067806
0009107708
0011107103
0019096010
0019037503
0024068007
0012038003
0020026804
0026077901
0015027802
0017107904
0007096704
0912028602
0027077204
0018096005
0017126108
0003096312
0007027402
0017067405
0029076109
0025046604
0003047504
0027057204
0020066707
0019056209
0021067606
0929088401
0010115911
0028057804
0015046205
0011018401
0011087505
0004016904
0026106803
0019026204
0030107106
0922098503
0017047507
0016076904
0003128202
0006107005
0024089103
0017126905
0002117404
0911108001
0015028106
0031126527
0006086905
0010116807
0916118401
0024025902
0017126504
0014128002
0008097602
0004017202
0027118003
3410027001
0015058202
0003066804
0027047501
0003117106
0014047005
0027117507
0002028303
0006067807
0022037803
0003107204
0015126605
0003097901
0020037205
0017047201
0007098201
0012067907
0027067704
0029057403
0018057803
0006078001
0016087203
0003046805
0004027503
0005097502
0008108004
0009047005
0010027306
0019088701
0024078001
0021038701
0016067106
0013119205
0029049201
0017127403
0013119601
0009098601
0004087804
0016048607
0009079206
0918089001
0007088709
0007046705
0009108104
0006079205
0028059203
0009107201
0016059101
0022118904
0925118602
0026129102
0012119301
0002096802
0031037203
0003108803
0014129107
0011109002
0920048901
0010059206
0022018201
0021108803
0003068701
0625088101
0006069003
0020129301
0014057106
0029118207
0026098801
0028118801
0023038305
0003098705
0923048402
0924027501
0920128803
0018028602
0030088103
0018018503
0031058903
0002126807
0019079001
0008129204
0012057807
0002019502
0011109203
0003069202
0929078902
0001049110
0919068501
0019018903
0020077511
0031058402
0030129106
0009119006
0021057404
0019098905
0023077905
0009128602
0012048503
0013017205

0028088907
0028117904
0024078201
0925058502
0024018203
0030098404
0019027805
0027056710
0015077504
0031057302
0011078606
0001048803

0015077906
0031127709
0022078506
0029108002
0007018206
0917028801
0029038101
0001057912
8968700020
0029098008
0024117601
0001017525
0004079006
0010089005
0013056601
0014057102
0905099001
0014088004
0927038901
0004118303
0006109501
0028088002
0031089403
0026038405
0911028802
0019049010
0013109205
0911128901
0008068004
0015118802
8895233420
0917088902
0003087001
0005118903
0020038905
0010088903
0020049002
0027076807
8959400020
0010029101
0027076908
0011057904
0926258703
0022128207
0019069302
0012059402
0012037011
0019078605
0902038606
0001119110
0026079201
0027058701
0018019403
0017077605
0020106405
0020126710
0015048106
0021058803
0015057108
0015077604
0006028203
0004038504
0905118701
0909108601
0015079202
0010037705
0026069002
0902068702
0003129005
0028118102
0018066805
0025019505
0003058017
1102028601
0010028705
0003119003
0005118001
0015029001
0005109105
0002028603
0020088302
0912079001
0026079101
0008128905
0906019001
0025067104
0013059601
0007099201
0013118606
0012059103
0004058902
0001058907
0002069103
0006039103
0012117704
0015118701
0015067309
0013049305
0001047708
0015049007
0002059111
0004039002
0009119004
0027087904
0015048904
0020129001
0025057105
0031019203
0011089105
0003119002
0920108602
0029048703
0012057705
0024059103
0913098701
0015117503
0014076808
1607099401
0005066608
0009058603
0024028003
0022029505
0024098010
0016097104
0013098304
0003129107
0002118804
0023037906
0005078904
0023118603
0028119101
0912048502
0017129205
0007019006
0007098707
0025119103
0017078702
0003095605
0005067807
0011097201
0004129301
0001039302
0024118803
0012037009

0024058704
0001115910
0027127306
0918079301
0025129103
0021109203
0021018903
0903088501
0002068704
0013078804
0918099101
0027067007
0025087405
0017069202
0007058203
2115119402
0931038704
0021047502
0012039403
0030068303
0901078401
0011079101
0019129206
0002019101
0004049102
0017049502
0003028502
0017108601
0916038601
0021109306
0011087904
0023048905
0007067904
0026019402
0017057406
0025128902
0010047003
0005089101
0019058905
0026129503
0006117306
0007078602
0703019001
0007019005
0028027103
0013069205
0925088702
0921088703
0005119402
0013016405
0021099304
0021128801
0011129001
0011107610
0024107304
0021068202
0917078901
0016038903
0913018803
0022109201
0017029402
0029108905
0929128601
0005059105
0017029301
0027109102
0005048608
0020028005
0017068402
0020079205
0021068903
0004118106
0002047310
0020057608
0905038503
0006128007
0031038903
0014058705
0023049006
0001088002
0025048702
0029057903
0901088302
0007057606
0027106707
0006076310
0928118404
0002068302
0018037901
0012076703
0027066704
0025057902
0007046803
0020117707
0016068104
0011097904
0005037204
0025057504
0022077603
0024047203
0015057003
0005017604
0024067902
0023057201
0027108003
0007097702
0003098202
0006116604
0016018005
0012019105
0008077804
0012076905
0015128310